# Blender 3.5.0
# www.blender.org
mtllib float_R_arm.mtl
o 立方体.002
v -1.773822 -2.113230 -0.495133
v -0.412120 0.245308 -0.495133
v -0.907799 -2.613229 -0.497080
v 0.453904 -0.254691 -0.497080
v -1.772137 -2.114203 0.504865
v -0.410435 0.244335 0.504865
v -0.906113 -2.614202 0.502919
v 0.455589 -0.255664 0.502919
vn -0.0017 0.0010 -1.0000
vn 0.8660 -0.5000 -0.0019
vn 0.0017 -0.0010 1.0000
vn -0.8660 0.5000 0.0019
vn -0.5000 -0.8660 -0.0000
vn 0.5000 0.8660 -0.0000
vt 0.375000 0.000000
vt 0.125000 0.750000
vt 0.375000 1.000000
vt 0.625000 0.000000
vt 0.625000 1.000000
vt 0.875000 0.750000
vt 0.375000 0.250000
vt 0.125000 0.500000
vt 0.625000 0.250000
vt 0.875000 0.500000
vt 0.375000 0.750000
vt 0.625000 0.750000
vt 0.375000 0.500000
vt 0.625000 0.500000
s 0
usemtl マテリアル
f 2/4/1 3/7/1 1/1/1
f 4/9/2 7/13/2 3/7/2
f 8/14/3 5/11/3 7/13/3
f 6/12/4 1/3/4 5/11/4
f 3/8/5 5/11/5 1/2/5
f 4/10/6 6/12/6 8/14/6
f 2/4/1 4/9/1 3/7/1
f 4/9/2 8/14/2 7/13/2
f 8/14/3 6/12/3 5/11/3
f 6/12/4 2/5/4 1/3/4
f 3/8/5 7/13/5 5/11/5
f 4/10/6 2/6/6 6/12/6
o Cube
v -1.256582 3.303362 8.499592
v -1.256582 -2.421306 -0.384098
v -1.256582 3.840742 8.153303
v -1.256582 -1.883926 -0.730387
v -0.703113 3.303362 8.499592
v -0.703114 -2.421305 -0.384098
v -0.703114 3.840742 8.153303
v -0.703114 -1.883926 -0.730387
v -1.256582 0.758785 1.536352
v -1.256582 -1.460495 2.966460
v -1.256582 0.412497 0.998973
v -1.256582 -1.806783 2.429081
v -0.703114 0.758785 1.536352
v -0.703114 -1.460495 2.966460
v -0.703114 0.412497 0.998973
v -0.703114 -1.806783 2.429081
vn -0.0000 0.5417 0.8406
vn -0.0000 0.8406 -0.5417
vn 1.0000 -0.0000 -0.0000
vn -0.0000 -0.5417 -0.8406
vn -1.0000 -0.0000 -0.0000
vn -0.0000 -0.8406 0.5417
vt 0.625000 0.500000
vt 0.375000 0.500000
vt 0.625000 0.750000
vt 0.375000 0.750000
vt 0.875000 0.500000
vt 0.625000 0.250000
vt 0.125000 0.500000
vt 0.375000 0.250000
vt 0.875000 0.750000
vt 0.625000 1.000000
vt 0.625000 0.000000
vt 0.375000 1.000000
vt 0.375000 0.000000
vt 0.125000 0.750000
vt 0.625000 0.500000
vt 0.375000 0.500000
vt 0.625000 0.750000
vt 0.375000 0.750000
vt 0.875000 0.500000
vt 0.625000 0.250000
vt 0.125000 0.500000
vt 0.375000 0.250000
vt 0.875000 0.750000
vt 0.625000 1.000000
vt 0.625000 0.000000
vt 0.375000 1.000000
vt 0.375000 0.000000
vt 0.125000 0.750000
s 0
usemtl Material.001
f 9/15/7 13/19/7 15/23/7 11/17/7
f 12/18/8 11/17/8 15/24/8 16/26/8
f 16/27/9 15/25/9 13/20/9 14/22/9
f 14/21/10 10/16/10 12/18/10 16/28/10
f 10/16/11 9/15/11 11/17/11 12/18/11
f 14/22/12 13/20/12 9/15/12 10/16/12
usemtl Material.002
f 17/29/8 21/33/8 23/37/8 19/31/8
f 20/32/10 19/31/10 23/38/10 24/40/10
f 24/41/9 23/39/9 21/34/9 22/36/9
f 22/35/12 18/30/12 20/32/12 24/42/12
f 18/30/11 17/29/11 19/31/11 20/32/11
f 22/36/7 21/34/7 17/29/7 18/30/7
